6 8 14 23 31
11 13 31 35 39
6 12 31 33 39
2 16 17 21 31
3 9 18 21 39
5 8 10 17 28
1 9 12 18 20
4 14 23 25 38
3 14 21 23 36
10 24 26 36 39
6 11 17 20 21
1 4 16 25 37
1 12 18 26 32
20 26 32 35 39
4 6 10 25 38
1 3 5 28 39
14 15 19 24 34
4 11 14 17 19
10 12 27 30 39
3 14 19 20 21
1 2 8 13 37
1 2 12 13 30
9 19 21 33 38
9 12 18 26 37
3 4 19 26 29
3 18 26 34 35
8 13 16 23 29
3 5 8 18 34
29 31 32 35 39
24 27 33 38 39
2 4 5 18 22
1 4 8 16 26
3 9 10 18 31
6 10 13 14 38
2 3 11 27 28
6 7 9 11 26
8 10 22 23 36
4 16 22 30 34
1 4 15 29 35
3 28 33 36 39
5 13 19 33 38
10 15 16 26 37
1 3 5 9 25
1 56 10 31 36
15 22 27 30 38
3 9 29 36 39
11 23 26 33 35
3 6 7 33 37
4 16 17 18 19
5 12 24 27 37
4 5 26 37 39
3 4 17 25 35
3 19 23 27 31
2 12 30 35 36
6 19 25 37 39
17 31 33 34 35
13 17 36 37 38
1 14 19 27 37
1 21 24 27 38
1 2 6 13 18
12 20 21 25 30
2 17 22 30 36
8 16 19 21 37
24 26 28 37 39
2 25 28 32 34
3 8 13 17 37
9 15 27 37 38
4 11 16 20 22
2 5 22 32 35
15 17 28 35 38
9 11 14 30 35
4 12 20 22 34
4 9 15 18 29
22 23 31 33 36
11 12 16 22 29
1 7 11 14 29
4 20 23 32 38
3 6 7 11 12
3 5 11 16 23
7 8 19 20 31
2 5 13 25 33
5 10 22 32 38
5 6 7 20 22
6 8 13 35 36
6 7 14 30 35
8 14 16 32 38
10 11 14 26 32
2 16 17 26 33
19 21 26 31 37
3 4 5 9 10
6 11 24 32 37
13 17 21 25 28
2 19 29 30 39
11 18 23 27 37
10 21 33 35 38
18 20 28 30 37
9 14 22 27 39
4 11 17 20 32
3 9 27 30 33
21 22 25 30 37
1 5 21 32 37
11 27 28 29 37
10 11 14 21 33
1 16 33 37 39
7 22 35 38 39
9 17 19 23 27
3 6 15 19 24
15 23 34 36 37
1 3 12 23 31
14 20 27 33 38
1 3 10 11 35
2 5 9 27 29
10 17 32 38 39
10 27 31 32 33
2 3 13 17 35
15 20 28 36 37
3 15 17 25 36
8 16 18 19 35
4 12 29 33 36
1 14 32 34 36
6 9 12 22 31
1 8 9 30 35
1 3 18 22 28
3 11 21 23 36
6 10 21 32 38
10 17 19 29 37
10 22 26 32 33
14 20 21 23 34
12 15 16 23 28
6 13 16 32 39
6 11 15 28 31
20 25 31 35 38
6 20 22 36 37
3 18 19 21 22
6 8 22 29 38
23 24 28 30 31
4 16 27 30 37
2 4 15 17 30
7 11 16 34 36
12 18 31 38 39
5 9 17 24 25
21 26 29 30 34
1 3 4 35 37
3 5 12 15 33
1 3 15 18 35
2 7 10 15 33
23 25 29 31 32
11 27 30 31 38
7 14 28 29 38
7 15 22 26 37
5 12 13 21 36
17 19 29 36 37
1 3 5 19 38
26 34 36 37 39
9 19 23 36 38
2 6 20 23 36
8 11 15 20 36
5 10 27 37 38
2 8 16 18 36
12 21 23 38 39
8 12 22 35 36
18 19 22 26 28
7 8 9 14 34
2 6 16 27 39
11 16 18 19 25
10 16 26 38 39
5 24 29 34 35
1 2 4 13 27
7 11 12 24 38
7 17 27 28 33
4 11 20 34 36
5 7 30 35 38
10 21 23 27 30
1 10 16 26 29
11 12 18 23 24
2 12 15 24 35
5 9 14 20 33
4 10 12 23 26
1 3 6 21 27
8 14 22 27 35
1 13 31 34 35
4 7 15 22 30
3 9 21 27 36
12 21 24 25 39
2 3 21 26 30
13 15 18 19 33
1 3 10 14 31
1 2 9 19 31
3 9 10 13 17
6 17 21 26 28
15 28 35 36 39
6 13 15 25 28
2 10 21 22 38
3 12 20 34 35
6 14 20 28 35
17 18 32 35 37
3 6 10 17 28
16 20 21 22 25
10 14 25 31 36
9 15 22 34 36
4 10 12 21 27
3 7 12 17 37
9 24 32 36 39
3 6 13 28 35
5 6 11 16 37
2 7 13 18 28
12 28 31 35 39
4 9 18 25 39
12 13 16 26 37
5 6 11 31 35
1 12 31 38 39
1 7 11 15 29
4 14 33 36 37
7 11 18 20 22
4 6 14 26 33
9 10 21 33 35
14 19 27 30 38
5 10 11 32 37
3 5 28 32 34
1 3 16 24 31
11 13 15 23 29
14 23 26 27 34
5 16 22 26 39
1 15 32 34 38
5 13 14 17 24
16 23 29 36 39
1 7 9 20 32
2 9 32 36 37
8 12 13 23 36
4 20 24 28 38
6 10 21 24 31
7 11 17 23 25
3 4 6 14 20
3 11 20 21 36
1 4 27 34 35
11 19 24 31 32
18 19 30 33 38
3 13 26 32 34
14 19 20 29 32
3 12 17 30 38
1 2 17 20 37
5 8 35 36 37
2 8 26 32 34
2 9 15 29 38
2 10 11 14 22
12 13 16 20 32
10 12 15 16 23
01 21 22 25 27
3 13 17 32 39
25 26 32 36 37
2 21 37 38 39
15 18 27 28 31
12 16 25 27 39
2 17 26 33 35
8 11 17 19 23
3 15 16 20 22
4 20 25 33 34
9 12 15 26 33
17 18 23 24 28
4 21 24 33 35
11 17 20 22 29
2 13 31 33 36
1 9 14 31 33
1 2 13 23 37
8 17 18 19 36
16 21 23 29 30
1 19 22 25 37
7 24 26 34 36
8 10 26 28 37
5 17 24 33 34
14 19 24 30 36
1 11 27 29 31
6 20 26 30 34
7 11 12 37 38
2 3 21 23 34
1 9 17 18 39
11 12 18 20 36
1 11 15 18 37
1 12 14 24 30
2 4 16 29 38
12 18 36 37 38
12 24 27 30 35
1 19 22 24 38
11 12 26 27 32
6 7 11 17 36
1 6 12 29 37
4 5 16 19 30
2 9 13 19 28
2 7 8 10 12
1 21 28 38 39
8 12 24 28 34
9 15 20 28 32
6 9 24 30 34
7 14 20 27 39
9 17 18 32 35
6 14 32 33 36
2 9 12 16 36
7 28 30 34 39
1 2 12 13 22
2 8 16 34 37
9 11 30 34 39
25 26 28 29 37
5 9 11 23 33
5 13 21 34 35
6 16 34 35 36
4 21 26 29 36
3 5 14 22 36
9 15 21 36 37
16 20 24 31 37
11 14 19 23 24
9 26 27 31 35
10 13 27 32 37
14 27 31 36 39
5 9 28 36 38
5 16 17 36 37
6 34 35 36 39
5 8 14 20 26
3 8 13 27 33
6 8 25 37 39
3 29 34 35 37
12 15 18 19 26
7 9 31 38 39
2 9 16 18 23
16 19 22 26 37
4 7 30 32 38
9 22 25 35 39
4 12 14 17 35
4 10 19 30 31
2 5 10 12 37
4 6 14 16 20
3 27 34 37 39
10 20 24 35 39
7 10 24 27 31
20 23 30 31 35
7 8 13 22 34
1 6 15 19 39
5 11 27 38 39
2 5 8 14 32
2 10 17 21 39
1 11 13 25 37
12 17 25 31 34
3 25 29 35 38
14 15 16 24 29
14 21 22 23 35
4 14 19 25 32
2 19 27 33 35
15 20 27 30 31
1 18 21 36 37
4 11 26 34 38
11 15 24 36 37
1 9 17 31 35
7 16 25 32 34
10 18 19 26 37
1 4 8 20 22
6 8 15 28 39
13 15 18 26 28
1 6 13 22 39
9 12 25 29 35
10 11 17 24 33
8 13 25 36 38
4 8 11 19 31
6 7 16 37 38
3 7 10 26 35
1 8 18 27 30
6 11 14 18 22
6 10 20 25 32
1 9 13 31 32
2 3 10 21 36
7 14 20 24 26
5 8 17 24 28
3 11 18 21 35
5 11 17 25 30
2 18 27 29 39
4 24 29 33 37
3 5 23 26 27
10 14 21 32 33
13 20 30 31 33
4 12 13 23 25
3 7 8 17 30
3 13 28 29 38
3 6 19 20 38
1 5 11 27 29
7 13 14 21 35
5 9 20 29 34
3 11 18 25 35
4 11 16 17 24
5 13 23 29 38
7 12 15 16 18
12 27 33 35 38
5 19 23 28 39
2 15 20 33 38
6 24 31 32 33
8 9 20 28 32
7 12 13 21 24
4 22 32 34 37
2 11 16 23 29
2 9 20 34 38
3 7 8 12 35
5 11 21 23 26
3 5 7 16 31
3 24 27 33 37
7 8 11 27 33
3 9 16 19 26
12 13 14 18 32
2 6 13 18 22
1 14 15 28 39
6 18 21 29 38
5 7 12 20 38
7 15 19 20 38
17 18 24 26 30
3 20 23 27 31
11 15 32 33 34
2 7 8 10 14
12 26 30 32 33
5 6 8 11 14
8 9 12 21 23
7 21 22 27 35
13 23 27 31 37
12 18 20 24 31
2 8 19 21 29
9 11 15 18 20
5 12 13 19 34
4 12 28 35 38
10 22 31 35 36
3 21 22 26 39
9 13 23 29 34
4 7 8 24 26
7 12 18 35 39
3 12 19 32 34
1 14 18 19 22
6 19 23 26 30
4 7 17 22 35
5 9 12 14 31
1 7 32 36 37
7 8 9 17 20
1 6 16 26 31
13 22 23 24 35
4 11 25 31 32
9 11 14 18 27
1 5 9 14 26
1 10 23 32 37
9 16 29 32 39
4 16 21 23 37
1 8 16 19 31
6 7 8 14 39
3 7 22 29 34
16 21 26 29 37
8 24 28 37 38
4 5 27 35 37
12 22 26 28 35
10 18 19 27 28
2 6 19 28 29
2 7 11 20 30
11 17 29 34 39
6 8 10 21 26
9 15 29 30 39
10 12 13 19 33
3 27 28 33 38
3 7 17 24 27
11 13 18 30 35
4 7 11 19 22
8 17 18 24 36
5 11 26 33 35
3 11 24 27 36
11 12 20 28 29
5 27 31 38 39
4 16 29 31 34
8 9 12 22 27
11 18 21 23 36
15 23 29 36 39
8 12 15 18 34
9 10 19 33 35
17 23 24 27 35
2 4 7 25 37
2 21 24 27 31
6 14 27 30 33
3 4 7 11 30
6 8 18 19 28
8 15 25 26 34
7 11 13 26 30
3 13 15 19 25
11 15 25 29 34
2 16 17 27 32
5 9 15 20 26
5 13 16 24 28
7 25 32 34 35
4 20 24 27 38
1 10 12 32 35
5 25 33 36 37
13 24 25 36 39
4 9 12 17 27
7 10 13 23 26
5 13 17 19 31
4 8 29 32 34
5 16 23 31 39
3 6 7 36 38
12 13 14 15 24
1 6 19 26 33
6 17 18 19 32
4 6 14 24 35
14 19 22 26 28
15 17 26 27 35
9 11 15 25 31
9 10 22 30 33
2 3 16 27 39
7 22 25 29 38
3 6 23 24 37
7 24 28 31 36
14 19 21 26 36
2 6 12 14 24
8 19 23 27 31
1 16 19 27 33
4 6 25 29 35
1 5 24 33 36
20 23 32 35 38
6 12 17 38 39
1 7 13 18 35
22 26 30 31 38
8 19 25 27 39
5 12 20 24 28
1 10 19 27 31
4 5 8 10 11
6 11 18 37 39
7 9 21 28 38
7 10 26 28 33
4 11 19 21 34
6 9 20 27 36
8 10 26 27 38
4 10 20 23 29
1 14 18 24 38
2 4 15 25 36
2 13 24 27 39
3 9 24 30 39
4 7 14 25 35
10 22 23 26 38
10 16 31 34 38
1 8 17 21 35
13 16 24 27 32
14 18 29 35 36
8 15 21 24 34
4 8 23 33 38
9 13 15 24 33
4 18 28 30 31
14 20 21 34 35
14 18 20 29 35
2 7 11 16 21
7 20 21 25 34
20 30 33 36 38
7 14 19 35 39
2 12 14 25 30
4 16 22 23 32
8 20 27 29 30
7 12 16 29 38
4 17 19 21 31
11 14 15 19 32
4 5 10 12 38
2 15 17 23 37
6 8 9 33 36
2 12 14 26 37
7 12 23 26 36
12 14 15 17 24
2 5 8 17 24
3 8 15 24 39
3 14 22 31 38
1 10 12 20 31
2 11 28 30 37
1 6 13 24 29
3 4 10 19 37
12 22 29 33 34
7 8 11 23 31
6 8 11 19 38
6 13 21 24 38
10 21 22 26 27
5 24 31 36 39
8 14 22 24 35
14 25 27 35 38
3 4 24 27 33
13 18 27 28 37
2 3 4 34 36
9 26 37 38 39
3 19 20 21 26
8 11 12 29 36
9 16 21 22 38
15 18 24 31 32
4 6 11 29 37
12 21 22 38 39
7 11 14 26 27
1 6 11 22 34
19 21 27 32 39
16 18 23 36 39
2 6 9 29 32
5 7 10 26 30
14 15 18 23 29
4 16 22 23 30
1 6 10 13 27
17 22 24 30 32
11 12 17 34 36
2 13 18 33 34
3 14 22 25 31
3 21 23 25 26
13 20 21 32 37
6 10 24 28 38
10 20 28 30 37
11 25 27 30 34
1 9 27 29 30
1 14 22 26 28
1 9 17 25 30
11 23 26 32 34
10 12 14 31 35
1 5 16 18 26
15 18 22 24 31
9 12 18 27 29
6 7 18 31 35
15 18 29 31 39
16 27 28 29 33
6 7 21 37 38
4 5 8 27 39
6 12 15 23 26
2 5 24 38 39
3 5 28 30 32
5 7 21 23 29
7 20 21 30 38
4 5 7 13 14
21 24 28 29 35
5 8 10 23 25
14 15 20 21 23
6 7 24 27 34
7 9 29 32 38
8 14 25 28 34
7 11 20 28 38
8 20 23 25 26
12 14 16 28 39
6 18 26 28 36
9 12 16 26 34
2 25 32 35 36
7 9 10 12 28
2 9 19 21 33
4 6 7 12 38
5 12 14 23 33
2 11 22 24 31
5 8 11 13 22
7 9 12 14 33
6 19 20 33 37
4 22 23 35 39
2 10 13 28 32
3 7 14 25 34
3 11 13 28 37
3 15 21 29 37
14 20 21 28 33
3 5 12 22 27
10 19 25 36 39
10 16 19 21 28
3 4 10 18 39
3 5 6 12 13
1 16 20 28 34
3 9 26 38 39
2 4 12 15 29
3 6 24 31 36
4 9 19 22 34
8 13 14 22 36
4 5 9 18 24
4 7 19 33 39
4 18 21 30 37
1 21 31 32 34
2 17 32 35 38
6 13 22 23 27
13 22 30 37 38
3 4 20 25 28
8 15 27 37 38
8 11 13 37 38
3 4 11 21 34
3 20 26 31 37
18 20 25 29 31
26 32 33 36 39
5 27 28 31 37
11 18 25 26 33
8 12 19 27 28
24 25 34 36 37
1 7 12 29 39
11 14 15 27 39
7 24 28 31 32
22 27 30 32 37
7 8 9 26 34
7 14 15 17 30
5 19 31 34 39
1 4 9 14 22
13 18 20 23 36
2 11 15 37 38
12 20 25 28 29
4 7 16 26 29
14 24 31 36 37
3 11 20 28 31
1 5 33 36 38
5 10 17 28 35
10 13 32 33 37
2 4 5 17 31
9 30 36 38 39
7 13 26 28 34
7 19 22 25 28
8 13 14 22 28
8 27 30 33 36
2 3 4 20 24
2 5 8 13 29
5 9 14 33 35
1 7 20 25 37
2 3 16 17 29
6 22 23 24 32
5 23 27 28 31
7 8 15 30 39
4 7 11 16 26
2 6 17 25 26
10 24 26 28 35
2 9 21 31 38
3 17 27 29 38
2 10 14 33 35
5 6 7 19 32
4 9 32 33 36
12 16 23 27 30
1 5 16 35 38
2 22 24 27 38
9 22 24 30 35
2 3 14 25 30
14 18 28 36 39
1 10 20 27 36
1 15 19 28 38
5 10 13 29 37
11 12 24 27 33
8 10 11 26 35
15 16 18 29 36
17 18 25 36 39
22 23 31 32 38
10 16 18 34 39
1 2 6 11 33
5 10 14 15 28
3 8 10 21 30
1 12 14 22 34
11 25 26 34 38
3 13 18 24 30
6 16 17 19 31
1 2 16 33 35
1 2 3 19 36
18 19 22 27 29
2 10 11 24 37

12 16 23 24 29
16 19 23 25 34
4 15 23 27 38